-0.0518516
-0.0518516
-0.0469134
-0.0469134
-0.0469134
-0.0469134
-0.0469134
-0.0469134
-0.0436212
-0.0403291
-0.0370369
-0.0358023
-0.0345678
-0.0333332
-0.0320987
-0.0304526
-0.0288065
-0.0271604
-0.0261728
-0.0251851
-0.0241975
-0.0232098
-0.0222222
-0.0202469
-0.0182716
-0.0162963
-0.014321
-0.0123457
-0.00905351
-0.00576135
-0.00246918
-0.00246918
-0.00246918
-0.00246918
0.00246906
0.00740731
0.00740731
0.00740731
0.00740731
0.0123456
0.0123456
0.0123456
0.0123456
0.0123456
0.0172838
0.0185184
0.0197529
0.0209875
0.022222
0.0238681
0.0255142
0.0271603
0.0370368
0.0370368
0.0370368
0.0370368
0.0370368
0.0403289
0.0436211
0.0469133
0.0518515
0.0543206
0.0567898
0.0592589
0.061728
0.0650202
0.0683123
0.0716045
0.081481
0.0839501
0.0864192
0.0888883
0.0913575
0.101234
0.106172
0.11111
0.114403
0.117695
0.120987
0.123456
0.125925
0.135802
0.135802
0.145678
0.148147
0.150616
0.155555
0.160493
0.165431
0.170369
0.172839
0.175308
0.180246
0.185184
0.195061
0.196707
0.198353
0.209875
0.21111
0.212344
0.213579
0.214814
0.22469
0.227159
0.239505
0.242797
0.246089
0.249381
0.25432
0.259258
0.260904
0.26255
0.264196
0.271603
0.279011
0.282303
0.285595
0.288887
0.293826
0.298764
0.303702
0.30864
0.313578
0.316871
0.320163
0.323455
0.333331
0.340739
0.348146
0.351438
0.354731
0.358023
0.362961
0.367899
0.372837
0.377776
0.382714
0.390121
0.397529
0.402467
0.406171
0.409874
0.413578
0.417282
0.432096
0.437035
0.441973
0.446911
0.448886
0.450862
0.452837
0.454812
0.456788
0.464195
0.471602
0.481479
0.483948
0.486417
0.488886
0.491355
0.496294
0.501232
0.50617
0.511108
0.516047
0.519339
0.522631
0.525923
0.5358
0.540738
0.545676
0.550614
0.555552
0.560491
0.563783
0.567075
0.580244
0.582713
0.585182
0.587651
0.59012
0.599997
0.604935
0.609873
0.61975
0.622219
0.624688
0.627157
0.629626
0.639503
0.644441
0.649379
0.654317
0.659256
0.669132
0.671601
0.67407
0.683947
0.686416
0.693823
0.696292
0.698762
0.7037
0.708638
0.713576
0.718515
0.723453
0.728391
0.733329
0.738268
0.74156
0.744852
0.748144
0.762959
0.764193
0.765428
0.766662
0.767897
0.777773
0.782712
0.78765
0.790942
0.794234
0.797527
0.800819
0.804111
0.807403
0.812341
0.817279
0.822218
0.827156
0.830448
0.83374
0.837032
0.846909
0.848144
0.849378
0.850613
0.851847
0.856785
0.860078
0.86337
0.866662
0.869131
0.8716
0.874069
0.876538
0.886415
0.888884
0.891353
0.893822
0.896291
0.906168
0.908637
0.911106
0.920983
0.923452
0.925921
0.92839
0.930859
0.940736
0.940736
0.945674
0.945674
0.945674
0.945674
0.950612
0.95555
0.95555
0.95555
0.95555
0.960489
0.961723
0.962958
0.964192
0.965427
0.967073
0.968719
0.970365
0.972834
0.975303
0.976949
0.978595
0.980242
0.98518
0.98518
0.98518
0.98518
0.98518
0.98518
0.98518
0.98518
0.986826
0.988472
0.990118
0.990118
0.990118
0.990118
0.990118
0.990118
0.990118
0.990118
0.990118
0.987649
0.98518
0.98518
0.98518
0.98518
0.98518
0.980242
0.975303
0.972834
0.970365
0.960489
0.958019
0.95555
0.953081
0.950612
0.948143
0.945674
0.943205
0.940736
0.938266
0.935797
0.933328
0.930859
0.927567
0.924275
0.920983
0.919337
0.91769
0.916044
0.911106
0.906168
0.904522
0.902876
0.90123
0.896291
0.891353
0.886415
0.883946
0.881477
0.8716
0.869131
0.866662
0.864193
0.861724
0.851847
0.849378
0.846909
0.837032
0.834563
0.822218
0.818925
0.815633
0.802465
0.799996
0.792588
0.782712
0.782712
0.782712
0.777773
0.772835
0.762959
0.758021
0.753082
0.74979
0.746498
0.743206
0.738268
0.733329
0.718515
0.714811
0.711107
0.707404
0.7037
0.688885
0.685593
0.682301
0.679009
0.671601
0.664194
0.660902
0.65761
0.639503
0.634564
0.629626
0.614811
0.607404
0.599997
0.592589
0.585182
0.580244
0.575305
0.570367
0.555552
0.540738
0.532507
0.524277
0.516047
0.50617
0.496294
0.486417
0.474894
0.463372
0.451849
0.443619
0.435389
0.427158
0.419751
0.412343
0.404936
0.397529
0.367899
0.362961
0.358023
0.353084
0.348146
0.283949
0.271603
0.259258
0.249381
0.239505
0.209875
0.19753
0.155555
0.147324
0.139094
0.101234
0.0930036
0.0847731
0.022222
0.00740731
-0.0814811
-0.0913576
-0.101234
-0.135802
-0.160493
-0.165431
-0.17037
-0.175308
-0.180246
-0.199999
-0.206583
-0.213168
-0.219752
-0.227159
-0.244443
-0.249381
-0.264196
-0.274073
-0.276542
-0.288887
-0.293826
-0.298764
-0.318517
-0.320986
-0.333332
-0.348146
-0.350615
-0.353085
-0.358023
-0.372838
-0.377776
-0.382714
-0.387652
-0.407405
-0.409874
-0.417282
-0.419751
-0.427158
-0.441973
-0.444442
-0.446911
-0.461726
-0.464195
-0.476541
-0.47901
-0.481479
-0.496294
-0.501232
-0.516047
-0.523454
-0.530861
-0.540738
-0.545676
-0.565429
-0.568721
-0.572013
-0.575306
-0.580244
-0.599997
-0.614812
-0.617281
-0.61975
-0.634565
-0.639503
-0.644441
-0.64691
-0.654317
-0.664194
-0.666663
-0.67407
-0.683947
-0.686416
-0.698762
-0.701231
-0.7037
-0.708638
-0.711107
-0.713576
-0.720984
-0.758021
-0.758021
-0.76049
-0.762959
-0.772835
-0.775304
-0.777774
-0.77942
-0.781066
-0.782712
-0.78765
-0.78765
-0.792588
-0.792588
-0.792588
-0.792588
-0.792588
-0.807403
-0.812341
-0.812341
-0.822218
-0.823452
-0.824687
-0.825921
-0.827156
-0.827156
-0.827156
-0.827156
-0.827156
-0.827156
-0.827156
-0.837033
-0.837033
-0.837033
-0.837033
-0.837033
-0.837033
-0.837033
-0.837033
-0.837033
-0.837033
-0.837033
-0.837033
-0.837033
-0.838679
-0.840325
-0.841971
-0.841971
-0.841971
-0.841971
-0.841971
-0.841971
-0.841971
-0.841971
-0.841971
-0.841971
-0.841971
-0.841971
-0.841971
-0.841971
-0.84444
-0.846909
-0.846909
-0.846909
-0.846909
-0.846909
-0.846909
-0.846909
-0.846909
-0.846909
-0.846909
-0.846909
-0.846909
-0.846909
-0.846909
-0.846909
-0.846909
-0.846909
-0.851847
-0.851847
-0.851847
-0.851847
-0.851847
-0.851847
-0.851847
-0.851847
-0.853823
-0.855798
-0.857773
-0.859748
-0.861724
-0.861724
-0.861724
-0.861724
-0.861724
-0.861724
-0.862958
-0.864193
-0.865427
-0.866662
-0.866662
-0.866662
-0.866662
-0.866662
-0.866662
-0.866662
-0.866662
-0.866662
-0.866662
-0.866662
-0.866662
-0.866662
-0.866662
-0.866662
-0.866662
-0.866662
-0.866662
-0.866662
-0.866662
-0.866662
-0.866662
-0.866662
-0.866662
-0.866662
-0.866662
-0.866662
-0.866662
-0.866662
-0.866662
-0.866662
-0.866662
-0.866662
-0.866662
-0.876539
-0.876539
-0.876539
-0.876539
-0.875304
-0.874069
-0.872835
-0.8716
-0.870613
-0.869625
-0.868637
-0.86765
-0.866662
-0.861724
-0.861724
-0.861724
-0.861724
-0.859255
-0.856786
-0.854316
-0.851847
-0.851847
-0.851847
-0.851847
-0.851847
-0.846909
-0.846909
-0.846909
-0.846909
-0.846909
-0.846909
-0.846909
-0.846909
-0.846909
-0.846909
-0.84444
-0.841971
-0.841971
-0.839502
-0.837033
-0.837033
-0.837033
-0.837033
-0.834563
-0.832094
-0.832094
-0.829625
-0.827156
-0.827156
-0.827156
-0.82551
-0.823864
-0.822218
-0.81728
-0.81728
-0.81728
-0.812341
-0.812341
-0.802465
-0.802465
-0.802465
-0.802465
-0.799996
-0.797527
-0.795057
-0.792588
-0.792588
-0.790119
-0.78765
-0.785181
-0.782712
-0.777774
-0.776128
-0.774481
-0.772835
-0.770366
-0.767897
-0.767897
-0.767897
-0.766251
-0.764605
-0.762959
-0.756375
-0.754728
-0.753082
-0.750613
-0.748144
-0.743206
-0.74156
-0.739914
-0.738268
-0.738268
-0.738268
-0.733329
-0.728391
-0.726745
-0.725099
-0.723453
-0.723453
-0.723453
-0.718515
-0.716869
-0.715222
-0.713576
-0.707404
-0.706169
-0.704935
-0.7037
-0.698762
-0.697774
-0.696786
-0.695799
-0.694811
-0.693823
-0.692836
-0.691848
-0.690861
-0.689873
-0.688885
-0.687239
-0.685593
-0.683947
-0.682959
-0.681972
-0.680984
-0.679996
-0.679009
-0.678021
-0.677033
-0.676046
-0.675058
-0.67407
-0.671876
-0.669681
-0.667486
-0.665291
-0.663097
-0.660902
-0.658707
-0.656512
-0.654318
-0.651848
-0.649379
-0.64691
-0.644441
-0.641972
-0.639503
-0.637034
-0.634565
-0.632589
-0.630614
-0.628639
-0.626663
-0.624688
-0.622713
-0.620737
-0.618762
-0.616787
-0.614812
-0.612342
-0.609873
-0.607404
-0.604935
-0.602466
-0.599997
-0.597528
-0.595059
-0.593648
-0.592237
-0.590826
-0.589415
-0.588004
-0.586593
-0.585182
-0.582713
-0.580244
-0.577775
-0.575306
-0.57333
-0.571355
-0.56938
-0.567404
-0.565429
-0.563454
-0.561478
-0.559503
-0.557528
-0.555553
-0.553907
-0.55226
-0.550614
-0.54938
-0.548145
-0.546911
-0.545676
-0.542384
-0.539092
-0.5358
-0.5358
-0.530861
-0.525923
-0.524277
-0.522631
-0.530864
-0.525926
-0.525926
-0.525926
-0.525926
-0.525926
-0.525926
-0.525926
-0.525926
-0.520987
-0.520987
-0.518518
-0.516049
-0.501234
-0.501234
-0.501234
-0.491358
-0.488889
-0.48642
-0.474895
-0.473249
-0.471602
-0.46831
-0.465018
-0.461726
-0.446911
-0.446911
-0.444442
-0.441973
-0.437035
-0.432096
-0.427158
-0.42222
-0.416047
-0.414813
-0.413578
-0.412344
-0.397529
-0.396294
-0.39506
-0.393825
-0.392591
-0.382714
-0.377776
-0.372838
-0.367899
-0.359257
-0.355554
-0.35185
-0.348146
-0.3465
-0.344854
-0.343208
-0.328393
-0.323455
-0.318517
-0.313579
-0.313579
-0.30864
-0.301233
-0.298764
-0.293826
-0.286418
-0.283949
-0.28148
-0.279011
-0.264196
-0.256789
-0.25432
-0.246912
-0.244443
-0.229628
-0.217283
-0.214814
-0.199999
-0.192592
-0.190122
-0.175308
-0.175308
-0.17037
-0.162962
-0.160493
-0.155555
-0.143209
-0.14074
-0.138271
-0.135802
-0.130864
-0.125925
-0.120987
-0.116049
-0.111111
-0.106172
-0.10288
-0.099588
-0.0962958
-0.0888885
-0.0814811
-0.0781889
-0.0748968
-0.0716046
-0.0666664
-0.0617281
-0.0518516
-0.0493825
-0.0469134
-0.0444443
-0.0419751
-0.0320987
-0.0271604
-0.0222222
-0.01893
-0.0156378
-0.0123457
-0.00740743
-0.00246918
0.000822981
0.00411514
0.00740731
0.0106995
0.0139916
0.0172838
0.020576
0.0238681
0.0271603
0.0296294
0.0320985
0.0345677
0.0370368
0.0403289
0.0436211
0.0469133
0.0488886
0.0508639
0.0528392
0.0548145
0.0567898
0.0584358
0.0600819
0.061728
0.0716045
0.0728391
0.0740736
0.0753082
0.0765427
0.081481
0.0716045
0.0716045
0.0518515
0.0142858
0.0142858
0.0142858
0.0142858
0.0142858
0.0142858
0.0142858
0.0142858
0.0142858
0.0142858
0.0142858
0.0142858
0.0142858
0.0142858
0.0142858
0.0142858
1.19209e-07
1.19209e-07
1.19209e-07
1.19209e-07
1.19209e-07
1.19209e-07
1.19209e-07
1.19209e-07
1.19209e-07
1.19209e-07
1.19209e-07
