0.0142856
0.0199999
0.0257143
0.0314286
0.0371429
0.0428572
0.0457144
0.0485715
0.0514287
0.0542859
0.057143
0.0600002
0.0628573
0.0657145
0.0685717
0.0714288
0.074286
0.0771431
0.0800003
0.0828575
0.0857146
0.0885718
0.0914289
0.0942861
0.0971433
0.1
0.102858
0.105715
0.108572
0.111429
0.114286
0.115585
0.116884
0.118182
0.119481
0.12078
0.122078
0.123377
0.124676
0.125975
0.127273
0.128572
0.131429
0.134286
0.137144
0.140001
0.142858
0.145715
0.148572
0.151429
0.154286
0.157144
0.157144
0.157144
0.157144
0.157144
0.171429
0.174287
0.177144
0.180001
0.182858
0.185715
0.188572
0.19143
0.194287
0.197144
0.200001
0.202858
0.205715
0.208573
0.21143
0.214287
0.217144
0.220001
0.222858
0.225716
0.228573
0.234287
0.240001
0.245716
0.25143
0.257144
0.259525
0.261906
0.264287
0.266668
0.269049
0.27143
0.274287
0.277144
0.280002
0.282859
0.300002
0.300002
0.300002
0.300002
0.300002
0.314288
0.317145
0.320002
0.322859
0.325716
0.342859
0.345716
0.348573
0.351431
0.354288
0.371431
0.371431
0.371431
0.371431
0.371431
0.385717
0.388574
0.391431
0.394288
0.397145
0.400002
0.40286
0.405717
0.408574
0.411431
0.428574
0.428574
0.428574
0.428574
0.428574
0.428574
0.44286
0.44286
0.44286
0.44286
0.44286
0.44286
0.445717
0.448574
0.451431
0.454288
0.471431
0.471431
0.471431
0.471431
0.471431
0.471431
0.471431
0.471431
0.471431
0.471431
0.471431
0.474289
0.477146
0.480003
0.48286
0.485717
0.485717
0.485717
0.485717
0.485717
0.514289
0.514289
0.514289
0.514289
0.514289
0.514289
0.517146
0.520003
0.52286
0.525717
0.528574
0.529873
0.531172
0.532471
0.533769
0.535068
0.536367
0.537665
0.538964
0.540263
0.541562
0.557146
0.558574
0.560003
0.561432
0.56286
0.564289
0.565718
0.567146
0.568575
0.570003
0.571432
0.577146
0.582861
0.588575
0.594289
0.614289
0.614289
0.614289
0.614289
0.614289
0.614289
0.614289
0.614289
0.614289
0.614289
0.628575
0.628575
0.628575
0.628575
0.628575
0.628575
0.63429
0.640004
0.645718
0.651432
0.657147
0.657147
0.657147
0.657147
0.657147
0.657147
0.671433
0.67429
0.677147
0.680004
0.682861
0.685718
0.685718
0.685718
0.685718
0.685718
0.700004
0.702861
0.705719
0.708576
0.711433
0.71429
0.717147
0.720004
0.722861
0.725719
0.728576
0.728576
0.728576
0.728576
0.728576
0.742862
0.742862
0.742862
0.742862
0.742862
0.757147
0.760005
0.762862
0.765719
0.768576
0.771433
0.771433
0.771433
0.771433
0.771433
0.785719
0.785719
0.785719
0.785719
0.785719
0.785719
0.800005
0.800005
0.800005
0.800005
0.800005
0.800005
0.800005
0.800005
0.800005
0.800005
0.814291
0.817148
0.820005
0.822862
0.825719
0.828576
0.828576
0.828576
0.828576
0.828576
0.828576
0.831434
0.834291
0.837148
0.840005
0.842862
0.842862
0.842862
0.842862
0.842862
0.857148
0.857148
0.857148
0.857148
0.857148
0.857148
0.857148
0.857148
0.857148
0.857148
0.857148
0.871434
0.871434
0.871434
0.871434
0.871434
0.871434
0.871434
0.871434
0.871434
0.871434
0.871434
0.871434
0.871434
0.871434
0.871434
0.871434
0.871434
0.871434
0.871434
0.871434
0.871434
0.871434
0.871434
0.871434
0.871434
0.88572
0.88572
0.88572
0.88572
0.88572
0.88572
0.88572
0.88572
0.88572
0.88572
0.88572
0.88572
0.88572
0.88572
0.88572
0.88572
0.88572
0.88572
0.88572
0.88572
0.88572
0.88572
0.88572
0.88572
0.88572
0.88572
0.88572
0.88572
0.88572
0.88572
0.88572
0.88572
0.88572
0.88572
0.88572
0.88572
0.88572
0.88572
0.88572
0.88572
0.88572
0.88572
0.88572
0.88572
0.88572
0.88572
0.871434
0.871434
0.871434
0.871434
0.871434
0.857148
0.857148
0.857148
0.857148
0.857148
0.828576
0.825719
0.822862
0.820005
0.817148
0.757147
0.757147
0.757147
0.757147
0.757147
0.757147
0.757147
0.751433
0.745719
0.740004
0.73429
0.700004
0.700004
0.700004
0.700004
0.700004
0.671432
0.668575
0.665718
0.662861
0.660004
0.657147
0.65429
0.651432
0.648575
0.645718
0.614289
0.611432
0.608575
0.605718
0.602861
0.585718
0.582861
0.580003
0.577146
0.574289
0.571432
0.568575
0.565718
0.56286
0.560003
0.54286
0.540479
0.538098
0.535717
0.533336
0.530955
0.514289
0.511432
0.508574
0.505717
0.50286
0.485717
0.48286
0.480003
0.477146
0.474288
0.44286
0.44286
0.44286
0.44286
0.44286
0.414288
0.411431
0.408574
0.405717
0.402859
0.400002
0.397145
0.394288
0.391431
0.388574
0.357145
0.355716
0.354288
0.352859
0.351431
0.350002
0.348573
0.347145
0.345716
0.344288
0.328573
0.325716
0.322859
0.320002
0.317145
0.314287
0.311907
0.309526
0.307145
0.304764
0.302383
0.285716
0.285716
0.285716
0.285716
0.285716
0.285716
0.282859
0.280002
0.277144
0.274287
0.257144
0.257144
0.257144
0.257144
0.257144
0.228573
0.225716
0.222858
0.220001
0.217144
0.214287
0.21143
0.208573
0.205715
0.202858
0.185715
0.182858
0.180001
0.177144
0.174287
0.157144
0.157144
0.157144
0.157144
0.157144
0.128572
0.128572
0.128572
0.128572
0.128572
0.0857146
0.0857146
0.0857146
0.0857146
0.0857146
0.0857146
0.057143
0.0542859
0.0514287
0.0485715
0.0457144
0.0428572
0.0400001
0.0371429
0.0342857
0.0314286
0.0142856
0.0114285
0.0085713
0.00571414
0.00285698
-0.0285718
-0.0314289
-0.0342861
-0.0371433
-0.0400004
-0.0571434
-0.0571434
-0.0571434
-0.0571434
-0.0571434
-0.085715
-0.0885721
-0.0914293
-0.0942865
-0.0971436
-0.100001
-0.100001
-0.100001
-0.100001
-0.100001
-0.142858
-0.142858
-0.142858
-0.142858
-0.142858
-0.142858
-0.157144
-0.157144
-0.157144
-0.157144
-0.157144
-0.185716
-0.188573
-0.19143
-0.194287
-0.197144
-0.214287
-0.217144
-0.220002
-0.222859
-0.225716
-0.228573
-0.23143
-0.234287
-0.237145
-0.240002
-0.257145
-0.260002
-0.262859
-0.265716
-0.268573
-0.27143
-0.27143
-0.27143
-0.27143
-0.27143
-0.300002
-0.300002
-0.300002
-0.300002
-0.300002
-0.314288
-0.317145
-0.320002
-0.322859
-0.325716
-0.342859
-0.34524
-0.347621
-0.350002
-0.352383
-0.354764
-0.357145
-0.360002
-0.36286
-0.365717
-0.368574
-0.371431
-0.371431
-0.371431
-0.371431
-0.371431
-0.400003
-0.401431
-0.40286
-0.404288
-0.405717
-0.407146
-0.408574
-0.410003
-0.411431
-0.41286
-0.414289
-0.417146
-0.420003
-0.42286
-0.425717
-0.428574
-0.434289
-0.440003
-0.445717
-0.451432
-0.457146
-0.457146
-0.457146
-0.457146
-0.457146
-0.457146
-0.457146
-0.457146
-0.457146
-0.457146
-0.471432
-0.473813
-0.476194
-0.478575
-0.480956
-0.483337
-0.485717
-0.485717
-0.485717
-0.485717
-0.485717
-0.500003
-0.500003
-0.500003
-0.500003
-0.500003
-0.514289
-0.514289
-0.514289
-0.514289
-0.514289
-0.514289
-0.517146
-0.520003
-0.522861
-0.525718
-0.528575
-0.528575
-0.528575
-0.528575
-0.528575
-0.542861
-0.542861
-0.542861
-0.542861
-0.542861
-0.542861
-0.542861
-0.542861
-0.542861
-0.542861
-0.542861
-0.542861
-0.542861
-0.542861
-0.542861
-0.542861
-0.542861
-0.542861
-0.542861
-0.542861
-0.542861
-0.542861
-0.542861
-0.542861
-0.542861
-0.542861
-0.542861
-0.542861
-0.542861
-0.542861
-0.542861
-0.542861
-0.542861
-0.542861
-0.542861
-0.542861
-0.542861
-0.542861
-0.542861
-0.542861
-0.542861
-0.542861
-0.542861
-0.542861
-0.542861
-0.542861
-0.542861
-0.542861
-0.542861
-0.542861
-0.542861
-0.542861
-0.542861
-0.542861
-0.542861
-0.542861
-0.542861
-0.542861
-0.542861
-0.542861
-0.542861
-0.542861
-0.528575
-0.528575
-0.528575
-0.528575
-0.528575
-0.528575
-0.528575
-0.528575
-0.528575
-0.528575
-0.528575
-0.525718
-0.522861
-0.520003
-0.517146
-0.514289
-0.512861
-0.511432
-0.510004
-0.508575
-0.507146
-0.505718
-0.504289
-0.50286
-0.501432
-0.500003
-0.497146
-0.494289
-0.491432
-0.488575
-0.485717
-0.485717
-0.485717
-0.485717
-0.485717
-0.485717
-0.48286
-0.480003
-0.477146
-0.474289
-0.471432
-0.469051
-0.46667
-0.464289
-0.461908
-0.459527
-0.457146
-0.457146
-0.457146
-0.457146
-0.457146
-0.457146
-0.457146
-0.457146
-0.457146
-0.457146
-0.44286
-0.44286
-0.44286
-0.44286
-0.44286
-0.44286
-0.44286
-0.44286
-0.44286
-0.44286
-0.44286
-0.437146
-0.431431
-0.425717
-0.420003
-0.414288
-0.414288
-0.414288
-0.414288
-0.414288
-0.414288
-0.414288
-0.414288
-0.414288
-0.414288
-0.414288
-0.411431
-0.408574
-0.405717
-0.40286
-0.400003
-0.397622
-0.395241
-0.39286
-0.390479
-0.388098
-0.385717
-0.385717
-0.385717
-0.385717
-0.385717
-0.385717
-0.385717
-0.385717
-0.385717
-0.385717
-0.385717
-0.38286
-0.380002
-0.377145
-0.374288
-0.371431
-0.368574
-0.365717
-0.36286
-0.360002
-0.357145
-0.357145
-0.357145
-0.357145
-0.357145
-0.357145
-0.354288
-0.351431
-0.348574
-0.345717
-0.342859
-0.340002
-0.337145
-0.334288
-0.331431
-0.328574
-0.328574
-0.328574
-0.328574
-0.328574
-0.328574
-0.328574
-0.325716
-0.322859
-0.320002
-0.317145
-0.314288
-0.311431
-0.308573
-0.305716
-0.302859
-0.300002
-0.300002
-0.300002
-0.300002
-0.300002
-0.300002
-0.297145
-0.294288
-0.291431
-0.288573
-0.285716
-0.282859
-0.280002
-0.277145
-0.274288
-0.27143
-0.27143
-0.27143
-0.27143
-0.27143
-0.27143
-0.265716
-0.260002
-0.254287
-0.248573
-0.242859
-0.242859
-0.242859
-0.242859
-0.242859
-0.242859
-0.242859
-0.242859
-0.242859
-0.242859
-0.242859
-0.228573
-0.228573
-0.228573
-0.228573
-0.228573
-0.214287
-0.214287
-0.214287
-0.214287
-0.214287
-0.214287
-0.214287
-0.214287
-0.214287
-0.214287
-0.200001
-0.200001
-0.200001
-0.200001
-0.200001
-0.185716
-0.185716
-0.185716
-0.185716
-0.185716
-0.185716
-0.182858
-0.180001
-0.177144
-0.174287
-0.17143
-0.168573
-0.165716
-0.162858
-0.160001
-0.157144
-0.157144
-0.157144
-0.157144
-0.157144
-0.142858
-0.142858
-0.142858
-0.142858
-0.142858
-0.142858
-0.142858
-0.140001
-0.137144
-0.134287
-0.13143
-0.128572
-0.128572
-0.128572
-0.128572
-0.128572
-0.114287
-0.114287
-0.114287
-0.114287
-0.114287
-0.114287
-0.111429
-0.108572
-0.105715
-0.102858
-0.100001
-0.0971437
-0.0942865
-0.0914293
-0.0885722
-0.085715
-0.0828578
-0.0800007
-0.0771435
-0.0742864
-0.0571434
-0.0542862
-0.0514291
-0.0485719
-0.0457147
-0.0428576
-0.0404766
-0.0380957
-0.0357147
-0.0333337
-0.0309528
-0.0285718
-0.0257146
-0.0228575
-0.0200003
-0.0171431
-1.78814e-07
