0.0142856
0.0199999
0.0257143
0.0314286
0.0371429
0.0714285
0.0714285
0.0714285
0.0714285
0.0714285
0.0714286
0.0742857
0.0771428
0.08
0.0828571
0.0857142
0.0885714
0.0914285
0.0942856
0.0971428
0.114286
0.115584
0.116883
0.118182
0.11948
0.120779
0.122078
0.123376
0.124675
0.125974
0.127273
0.142857
0.142857
0.142857
0.142857
0.142857
0.142857
0.142857
0.142857
0.142857
0.142857
0.114286
0.114286
0.114286
0.114286
0.114286
0.114286
0.114286
0.114286
0.114286
0.114286
0.114286
0.117143
0.12
0.122857
0.125714
0.128571
0.128571
0.128571
0.128571
0.128571
0.142857
0.142857
0.142857
0.142857
0.142857
0.142857
0.142857
0.142857
0.142857
0.142857
0.142857
0.142857
0.142857
0.142857
0.142857
0.142857
0.157143
0.16
0.162857
0.165714
0.168571
0.171428
0.174285
0.177143
0.18
0.182857
0.185714
0.188571
0.191428
0.194285
0.197143
0.2
0.202857
0.205714
0.208571
0.211428
0.257142
0.258571
0.26
0.261428
0.262857
0.264285
0.265714
0.267142
0.268571
0.27
0.271428
0.277142
0.282857
0.288571
0.294285
0.3
0.30238
0.304761
0.307142
0.309523
0.311904
0.342857
0.342857
0.342857
0.342857
0.342857
0.185714
0.18
0.174285
0.168571
0.162857
0.128571
0.128571
0.128571
0.128571
0.128571
0.114286
0.114286
0.114286
0.114286
0.114286
0.114286
0.117143
0.12
0.122857
0.125714
0.128571
0.137143
0.145714
0.154285
0.162857
0.171428
0.174107
0.176785
0.179464
0.182142
0.184821
0.1875
0.190178
0.192857
0.195535
0.198214
0.200893
0.203571
0.20625
0.208928
0.211607
0.214285
0.218095
0.221904
0.225714
0.229523
0.233333
0.237143
0.240952
0.244762
0.248571
0.252381
0.25619
0.26
0.263809
0.267619
0.271428
0.275
0.278571
0.282142
0.285714
0.289285
0.292857
0.296428
0.299999
0.303571
0.307142
0.310714
0.314285
0.317857
0.321428
0.324999
0.328571
0.332142
0.335714
0.339285
0.342856
0.346938
0.35102
0.355101
0.359183
0.363264
0.367346
0.371428
0.375509
0.379591
0.383673
0.387754
0.391836
0.395918
0.399999
0.404081
0.408162
0.412244
0.416326
0.420407
0.424489
0.428571
0.434285
0.439999
0.445713
0.451428
0.457142
0.462856
0.468571
0.474285
0.479999
0.0142858
0.0257144
0.0371429
0.0485714
0.06
0.0714285
0.0857142
0.0999999
0.114286
0.128571
0.142857
0.157143
0.171428
0.185714
0.2
0.214285
0.21978
0.225274
0.230769
0.236263
0.241758
0.247252
0.252747
0.258241
0.263736
0.26923
0.274725
0.280219
0.285714
0.291208
0.296703
0.302197
0.307692
0.313186
0.318681
0.324175
0.32967
0.335164
0.340659
0.346153
0.351648
0.357142
0.362636
0.368131
0.373625
0.37912
0.384614
0.390109
0.395603
0.401098
0.406592
0.412087
0.417581
0.423076
0.42857
0.434065
0.439559
0.445054
0.450548
0.456043
0.461538
0.467032
0.472527
0.478021
0.483516
0.48901
0.494505
0.499999
0.506428
0.512856
0.519285
0.525714
0.532142
0.538571
0.544999
0.551428
0.557856
0.564285
0.570713
0.577142
0.58357
0.589999
0.596428
0.602856
0.609285
0.615713
0.622142
0.62857
0.63857
0.64857
0.65857
0.66857
0.67857
0.68857
0.69857
0.70857
0.71857
0.72857
0.729999
0.731427
0.732856
0.734284
0.735713
0.737141
0.73857
0.739999
0.741427
0.742856
0.742856
0.742856
0.742856
0.742856
0.742856
0.742856
0.742856
0.742856
0.742856
0.742856
0.742856
0.739999
0.737141
0.734284
0.731427
0.457142
0.445713
0.434285
0.422856
0.411428
0.399999
0.402856
0.405713
0.408571
0.411428
0.414285
0.419999
0.425714
0.431428
0.437142
0.457142
0.462856
0.468571
0.474285
0.479999
0.485713
0.485713
0.485713
0.485713
0.485713
0.485713
0.485713
0.485713
0.485713
0.485713
0.485713
0.485713
0.485713
0.485713
0.485713
0.485713
0.485713
0.485713
0.485713
0.485713
0.485713
0.485713
0.48857
0.491428
0.494285
0.497142
0.499999
0.502856
0.505713
0.50857
0.511428
0.514284
0.516189
0.518094
0.519999
0.521903
0.523808
0.525713
0.527618
0.529523
0.531427
0.533332
0.535237
0.537142
0.539047
0.540951
0.542856
0.548051
0.553246
0.558441
0.563635
0.56883
0.574025
0.57922
0.584414
0.589609
0.594804
0.599999
0.604285
0.60857
0.612856
0.617142
0.621427
0.625713
0.629999
0.634284
0.63857
0.642856
0.64857
0.654284
0.659999
0.665713
0.671427
0.674284
0.677141
0.679999
0.682856
0.614285
0.60857
0.602856
0.597142
0.591427
0.557142
0.557142
0.557142
0.557142
0.557142
0.557142
0.557142
0.557142
0.557142
0.557142
0.557142
0.559999
0.562856
0.565713
0.56857
0.571427
0.573808
0.576189
0.57857
0.580951
0.583332
0.585713
0.58857
0.591427
0.594285
0.597142
0.614285
0.614285
0.614285
0.614285
0.614285
0.585713
0.585713
0.585713
0.585713
0.585713
0.585713
0.585713
0.585713
0.585713
0.585713
0.585713
0.591427
0.597142
0.602856
0.60857
0.614284
0.619999
0.625713
0.631427
0.637142
0.642856
0.651427
0.659999
0.66857
0.677142
0.657142
0.657142
0.657142
0.657142
0.657142
0.671427
0.673808
0.676189
0.67857
0.680951
0.683332
0.685713
0.68857
0.691427
0.694284
0.697141
0.714284
0.714284
0.714284
0.714284
0.714284
0.714284
0.714284
0.714284
0.714284
0.714284
0.714284
0.717141
0.719999
0.722856
0.725713
0.72857
0.72857
0.72857
0.72857
0.72857
0.72857
0.729999
0.731427
0.732856
0.734284
0.735713
0.737141
0.73857
0.739999
0.741427
0.742856
0.745237
0.747617
0.749998
0.752379
0.75476
0.757142
0.75857
0.759999
0.761427
0.762856
0.764284
0.765713
0.767141
0.76857
0.769998
0.771427
0.774284
0.777141
0.779998
0.782856
0.785713
0.785713
0.785713
0.785713
0.785713
0.799998
0.799998
0.799998
0.799998
0.799998
0.799998
0.799998
0.799998
0.799998
0.799998
0.814284
0.815713
0.817141
0.81857
0.819999
0.821427
0.822856
0.824284
0.825713
0.827141
0.842855
0.845236
0.847617
0.849998
0.852379
0.85476
0.857141
0.857141
0.857141
0.857141
0.857141
0.857141
0.857141
0.857141
0.857141
0.857141
0.857141
0.857141
0.857141
0.857141
0.857141
0.857141
0.854284
0.851427
0.84857
0.845713
0.842855
0.842855
0.842855
0.842855
0.842855
-0.899998
-0.899998
-0.899998
-0.899998
-0.899998
-0.899998
-0.899998
-0.899998
-0.899998
-0.899998
-0.899998
-0.899998
-0.899998
-0.899998
-0.899998
-0.885712
-0.885712
-0.885712
-0.885712
-0.885712
-0.885712
-0.885712
-0.885712
-0.885712
-0.885712
-0.885712
-0.871427
-0.871427
-0.871427
-0.871427
-0.871427
-0.871427
-0.871427
-0.871427
-0.871427
-0.871427
-0.857141
-0.857141
-0.857141
-0.857141
-0.857141
-0.857141
-0.857141
-0.857141
-0.857141
-0.857141
-0.842855
-0.842855
-0.842855
-0.842855
-0.842855
-0.842855
-0.839998
-0.837141
-0.834284
-0.831427
-0.82857
-0.82857
-0.82857
-0.82857
-0.82857
-0.82857
-0.82857
-0.82857
-0.82857
-0.82857
-0.82857
-0.82857
-0.825712
-0.822855
-0.819998
-0.817141
-0.799998
-0.799998
-0.799998
-0.799998
-0.799998
-0.799998
-0.799998
-0.799998
-0.799998
-0.799998
-0.785712
-0.785712
-0.785712
-0.785712
-0.785712
-0.785713
-0.782855
-0.779998
-0.777141
-0.774284
-0.771427
-0.76857
-0.765713
-0.762855
-0.759998
-0.757141
-0.754284
-0.751427
-0.74857
-0.745713
-0.742856
-0.740475
-0.738094
-0.735713
-0.733332
-0.730951
-0.72857
-0.725713
-0.722856
-0.719998
-0.717141
-0.714284
-0.714284
-0.714284
-0.714284
-0.714284
-0.714284
-0.70857
-0.702856
-0.697141
-0.691427
-0.685713
-0.685713
-0.685713
-0.685713
-0.685713
-0.685713
-0.682856
-0.679998
-0.677141
-0.674284
-0.671427
-0.66857
-0.665713
-0.662856
-0.659998
-0.657141
-0.654284
-0.651427
-0.64857
-0.645713
-0.62857
-0.625713
-0.622856
-0.619999
-0.617141
-0.614284
-0.611903
-0.609522
-0.607141
-0.604761
-0.60238
-0.599999
-0.594284
-0.58857
-0.582856
-0.577142
-0.557142
-0.554284
-0.551427
-0.54857
-0.545713
-0.542856
-0.537142
-0.531427
-0.525713
-0.519999
-0.499999
-0.497142
-0.494285
-0.491427
-0.48857
-0.485713
-0.485713
-0.485713
-0.485713
-0.485713
-0.471428
-0.46857
-0.465713
-0.462856
-0.459999
-0.442856
-0.439999
-0.437142
-0.434285
-0.431428
-0.399999
-0.397618
-0.395237
-0.392856
-0.390475
-0.388094
-0.371428
-0.371428
-0.371428
-0.371428
-0.371428
-0.328571
-0.328571
-0.328571
-0.328571
-0.328571
-0.299999
-0.297142
-0.294285
-0.291428
-0.288571
-0.228571
-0.228571
-0.228571
-0.228571
-0.228571
-0.185714
-0.182857
-0.179999
-0.177142
-0.174285
-0.128571
-0.128571
-0.128571
-0.128571
-0.128571
-0.0999997
-0.0971425
-0.0942854
-0.0914283
-0.0885711
-0.0571426
-0.0542855
-0.0514283
-0.0485712
-0.0457141
-0.0285712
-0.0261903
-0.0238094
-0.0214284
-0.0190475
-0.0166665
0.0142858
0.0171429
0.0200001
0.0228572
0.0257143
0.0571429
0.0571429
0.0571429
0.0571429
0.0571429
0.0857142
0.0885714
0.0914285
0.0942856
0.0971428
0.142857
0.142857
0.142857
0.142857
0.142857
0.157143
0.157143
0.157143
0.157143
0.157143
0.171428
0.171428
0.171428
0.171428
0.171428
0.171428
0.171428
0.171428
0.171428
0.171428
0.142857
0.142857
0.142857
0.142857
0.142857
0.128571
0.12619
0.123809
0.121428
0.119047
0.116667
0.0999999
0.0971428
0.0942856
0.0914285
0.0885714
0.0714285
0.0714285
0.0714285
0.0714285
0.0714285
0.0571429
0.0542857
0.0514286
0.0485714
0.0457143
0.0428572
0.0428572
0.0428572
0.0428572
0.0428572
0.0142858
0.0142858
0.0142858
0.0142858
0.0142858
1.19209e-07
1.19209e-07
1.19209e-07
1.19209e-07
1.19209e-07
1.19209e-07
1.19209e-07
1.19209e-07
1.19209e-07
1.19209e-07
1.19209e-07
1.19209e-07
1.19209e-07
1.19209e-07
1.19209e-07
1.19209e-07
1.19209e-07
1.19209e-07
1.19209e-07
1.19209e-07
1.19209e-07
1.19209e-07
1.19209e-07
1.19209e-07
1.19209e-07
1.19209e-07
0.0142858
0.0142858
0.0142858
0.0142858
0.0142858
0.0142858
0.0142858
0.0142858
0.0142858
0.0142858
0.0142858
0.0142858
0.0142858
0.0142858
0.0142858
0.0142858
0.0142858
0.0142858
0.0142858
0.0142858
0.0142858
0.0142858
0.0142858
0.0142858
0.0142858
0.0142858
0.0142858
0.0142858
0.0142858
0.0142858
0.0142858
0.0142858
0.0142858
0.0142858
0.0142858
0.0142858
0.0142858
0.0142858
0.0142858
0.0142858
0.0142858
1.19209e-07
1.19209e-07
1.19209e-07
1.19209e-07
1.19209e-07
1.19209e-07
1.19209e-07
1.19209e-07
1.19209e-07
1.19209e-07
1.19209e-07
